2.000000e-07
3.034300e-07
4.603500e-07
6.984200e-07
1.059600e-06
1.607600e-06
2.438900e-06
3.700200e-06
5.613700e-06
8.516800e-06
1.292100e-05
1.960300e-05
2.973800e-05
4.511400e-05
6.843700e-05
1.038100e-04
1.574600e-04
2.387900e-04
3.620500e-04
5.487800e-04
8.314100e-04
1.258700e-03
1.903500e-03
2.873900e-03
4.328500e-03
6.496200e-03
9.699200e-03
1.437500e-02
2.108900e-02
3.052200e-02
4.341500e-02
6.048000e-02
8.228100e-02
1.091400e-01
1.411200e-01
1.780300e-01
2.195000e-01
2.651100e-01
3.143900e-01
3.668800e-01
4.221700e-01
4.798900e-01
5.397600e-01
6.014700e-01
6.648100e-01
